{
 "cells": [
  {
   "cell_type": "markdown",
   "id": "1ae14852-4e7b-4ed1-b3f3-8822147bf3f9",
   "metadata": {},
   "source": [
    "## Second Order: Nonlinear Factors in Bar Attributes\n",
    "\n",
    "This example demonstrates how the **local stiffness matrix** and **load vector** of a bar element change when **nonlinear geometric effects** (Second-Order Theory) are considered.\n",
    "It serves as an extension of the previous example *[\"Second Order: Cantilever Colum\"](second_order_cantilever.ipynb)*.\n",
    "For details on solving a complete Second-Order system using the matrix-based approach, please refer to that example.\n",
    "## Define System\n",
    "The same cantilever system from the previous example is used here.\n",
    "It consists of a 4 m vertical cantilever column modeled with one bar, a point load at the free end, and a trapezoidal distributed load along its length.\n",
    "\n",
    "We first define the material, cross-section, nodes, bar, and assemble them into a `System`."
   ]
  },
  {
   "cell_type": "code",
   "execution_count": 1,
   "id": "ef5f5005-d960-46b8-92ee-ec1ee86c2054",
   "metadata": {},
   "outputs": [],
   "source": [
    "# Import Modules\n",
    "from sstatics.core.preprocessing import Bar, BarSecond, BarLineLoad, CrossSection, Material, Node, NodePointLoad, System\n",
    "from sstatics.core.calc_methods import FirstOrder, SecondOrder\n",
    "\n",
    "# Setting print options\n",
    "import numpy as np\n",
    "np.set_printoptions(precision=3, suppress=True)\n",
    "\n",
    "# Define cross-section and material\n",
    "c_1 = CrossSection(0.00002769, 0.007684, 0.2, 0.2, 0.6275377)\n",
    "m_1 = Material(210000000, 0.1, 81000000, 0.1)\n",
    "\n",
    "# Define nodes\n",
    "node_1 = Node(x=0, z=0, u='fixed', w='fixed', phi='fixed')\n",
    "node_2 = Node(x=0, z=-4, loads=NodePointLoad(x=0, z=182, phi=0, rotation=0))\n",
    "\n",
    "# Define bar with trapezoidal line load\n",
    "bar_1 = Bar(\n",
    "    node_1,\n",
    "    node_2,\n",
    "    c_1,\n",
    "    m_1,\n",
    "    line_loads=BarLineLoad(pi=1, pj=1.5, direction='z', coord='bar', length='exact')\n",
    ")\n",
    "\n",
    "# Create system\n",
    "system = System([bar_1])"
   ]
  },
  {
   "cell_type": "markdown",
   "id": "a672ce72-f545-4be0-bf94-520fa4601d43",
   "metadata": {},
   "source": [
    "## Compute the Longitudinal Force\n",
    "To include Second-Order effects, the average longitudinal force (f_axial) in each bar must be known.\n",
    "This value is obtained from the initial system solution and represents the mean axial force along the member.\n",
    "\n",
    "For the current example (a single-bar system), only one axial force is returned. We select the first value from the list."
   ]
  },
  {
   "cell_type": "code",
   "execution_count": 2,
   "id": "876a11f4-7f47-4f8c-aff4-a9af253f2d38",
   "metadata": {},
   "outputs": [],
   "source": [
    "# Compute average longitudinal force for the bar(s)\n",
    "f_axial = SecondOrder(system).averaged_longitudinal_force[0]"
   ]
  },
  {
   "cell_type": "markdown",
   "id": "3dd20b04-ec15-4a7a-bac1-a00ed1c4a252",
   "metadata": {},
   "source": [
    "## Define the Second-Order Bar\n",
    "\n",
    "A bar considering Second-Order effects is defined similarly to a standard Bar,\n",
    "but with two key differences:\n",
    "\n",
    "1. The approach (solver method) must be specified, e.g. 'analytic'.\n",
    "\n",
    "2. The average longitudinal force (f_axial) must be provided.\n",
    "\n",
    "This allows the bar’s stiffness matrix and load vector to include geometric nonlinearity."
   ]
  },
  {
   "cell_type": "code",
   "execution_count": 3,
   "id": "ffaacb72-7c64-42c3-8267-bcbbf9db5499",
   "metadata": {},
   "outputs": [],
   "source": [
    "bar_1_second = BarSecond(node_1, node_2, c_1, m_1, line_loads=BarLineLoad(pi=1, pj=1.5, direction='z', coord='bar', length='exact'), approach='analytic', f_axial=f_axial)"
   ]
  },
  {
   "cell_type": "markdown",
   "id": "9d087d71-d2c2-43c9-aea9-3ba785011f6e",
   "metadata": {},
   "source": [
    "## Comparison of Linear and Nonlinear Behavior\n",
    "Now we can compare the stiffness matrices and load vectors between:\n",
    "\n",
    "- The First-Order (linear) bar\n",
    "- The Second-Order (analytic) bar\n",
    "\n",
    "This illustrates how geometric nonlinearity modifies the element behavior."
   ]
  },
  {
   "cell_type": "code",
   "execution_count": 4,
   "id": "66950101-5247-4f12-8e07-a4ad4021e262",
   "metadata": {},
   "outputs": [
    {
     "name": "stdout",
     "output_type": "stream",
     "text": [
      "Stiffness matrix (First Order):\n",
      " [[ 1.09029375e+03 -2.46349770e-11 -2.18058750e+03 -1.09029375e+03\n",
      "   2.46349770e-11 -2.18058750e+03]\n",
      " [-2.46349770e-11  4.03410000e+05 -1.33522475e-13  2.46349770e-11\n",
      "  -4.03410000e+05 -1.33522475e-13]\n",
      " [-2.18058750e+03 -1.33522475e-13  5.81490000e+03  2.18058750e+03\n",
      "   1.33522475e-13  2.90745000e+03]\n",
      " [-1.09029375e+03  2.46349770e-11  2.18058750e+03  1.09029375e+03\n",
      "  -2.46349770e-11  2.18058750e+03]\n",
      " [ 2.46349770e-11 -4.03410000e+05  1.33522475e-13 -2.46349770e-11\n",
      "   4.03410000e+05  1.33522475e-13]\n",
      " [-2.18058750e+03 -1.33522475e-13  2.90745000e+03  2.18058750e+03\n",
      "   1.33522475e-13  5.81490000e+03]]\n",
      "Stiffness matrix (Second Order - Analytic):\n",
      " [[ 1.03485736e+03 -2.46383715e-11 -2.16064695e+03 -1.03485736e+03\n",
      "   2.46383715e-11 -2.16064695e+03]\n",
      " [-2.46383715e-11  4.03410000e+05 -1.32301469e-13  2.46383715e-11\n",
      "  -4.03410000e+05 -1.32301469e-13]\n",
      " [-2.16064695e+03 -1.32301469e-13  5.71379436e+03  2.16064695e+03\n",
      "   1.32301469e-13  2.92879345e+03]\n",
      " [-1.03485736e+03  2.46383715e-11  2.16064695e+03  1.03485736e+03\n",
      "  -2.46383715e-11  2.16064695e+03]\n",
      " [ 2.46383715e-11 -4.03410000e+05  1.32301469e-13 -2.46383715e-11\n",
      "   4.03410000e+05  1.32301469e-13]\n",
      " [-2.16064695e+03 -1.32301469e-13  2.92879345e+03  2.16064695e+03\n",
      "   1.32301469e-13  5.71379436e+03]]\n"
     ]
    }
   ],
   "source": [
    "# Compare stiffness matrices\n",
    "print(\"Stiffness matrix (First Order):\\n\", bar_1.stiffness_matrix())\n",
    "print(\"Stiffness matrix (Second Order - Analytic):\\n\", bar_1_second.stiffness_matrix())"
   ]
  },
  {
   "cell_type": "code",
   "execution_count": 5,
   "id": "41c930a2-4939-4c46-904b-b62fe87b344b",
   "metadata": {},
   "outputs": [
    {
     "name": "stdout",
     "output_type": "stream",
     "text": [
      "Load vector (First Order):\n",
      " [[-2.30002498e+00]\n",
      " [-1.40835912e-16]\n",
      " [ 1.60004996e+00]\n",
      " [-2.69997502e+00]\n",
      " [-1.65325788e-16]\n",
      " [-1.73328337e+00]]\n",
      "Load vector (Second Order - Analytic):\n",
      " [[-2.29990391e+00]\n",
      " [-1.40828498e-16]\n",
      " [ 1.61393947e+00]\n",
      " [-2.70009609e+00]\n",
      " [-1.65333202e-16]\n",
      " [-1.74765718e+00]]\n"
     ]
    }
   ],
   "source": [
    "# Compare load vectors\n",
    "print(\"Load vector (First Order):\\n\", bar_1.f0())\n",
    "print(\"Load vector (Second Order - Analytic):\\n\", bar_1_second.f0())"
   ]
  },
  {
   "cell_type": "markdown",
   "id": "ee562cf7-7d5c-4a2b-87db-71d25a1ea416",
   "metadata": {},
   "source": [
    "## Summary\n",
    "The stiffness matrix of the Second-Order bar includes additional terms dependent on the axial force (`f_axial`).\n",
    "This example highlights the influence of geometric nonlinearity on element-level quantities such as stiffness matrices and load vectors.\n",
    "It provides a detailed insight into how the `BarSecond` class modifies the bar attributes for Second-Order effects.\n",
    "For a full system-level Second-Order analysis, refer to the example:\n",
    "*[\"Second Order: Cantilever Colum\"](second_order_cantilever.ipynb)*."
   ]
  }
 ],
 "metadata": {
  "kernelspec": {
   "display_name": "Python 3 (ipykernel)",
   "language": "python",
   "name": "python3"
  },
  "language_info": {
   "codemirror_mode": {
    "name": "ipython",
    "version": 3
   },
   "file_extension": ".py",
   "mimetype": "text/x-python",
   "name": "python",
   "nbconvert_exporter": "python",
   "pygments_lexer": "ipython3",
   "version": "3.11.1"
  }
 },
 "nbformat": 4,
 "nbformat_minor": 5
}
